0 594519165679738945
0 297387249656430720
0 9408020722246746648
0 362550774247458304
0 18314294600925248
0 286560285099008
0 1298448504821646501
0 1441292910340350464
0 1134833455874304
0 22590591707777536
0 72375705152799760
0 306249448936177664
0 2305845217095319584
0 5075633710317589
0 4471128203536
0 145311744624427572
0 653022788328096528
0 22522543558754721
0 252765753286394112
0 2308132334223818766
0 2595199287430234112
0 9802789547858266212
0 3458905818274470032
0 1441292627944181824
0 4612275357734144112
0 2318234514122344800
0 18656532695093264
0 9223514423744921618
0 72484204910223366
0 565149116662272
0 14124144677272160256
0 7242914272534102596
0 20272829773645824
0 13835626571547021360
0 586033109158397952
0 73289081420810272
0 27026821518459138
0 846632543356928
0 10377490918231251088
0 1153490235653374464
0 288423907917140225
0 72602664195200
0 617310157399396352
0 9223654474189645824
0 10457393524499284994
0 149745271729820160
0 292906083767311556
0 1013314591238818016
0 9579564179656769
0 581532816660103300
0 2346445916477075461
0 3530857362057726098
0 141858748235777
0 5782639651302983168
0 2287022907654660
0 1416205340803600
0 9547912844184945664
0 19001228583765008
0 4037492463400718372
0 11549604664620189698
0 4714706128471584
0 306244878011007504
0 1152939305367281796
0 4609187121217808
1 36028876480053344
1 1170936315504570368
1 1188967895961436328
1 36046391353016580
1 1765419852203556992
1 4755854000375661056
1 72079867738362112
1 72068591847034112
1 9259541573513773088
1 4611756524878970884
1 1441433428886028352
1 38562209432932354
1 5119607631082160256
1 18577503224725552
1 293015455059279876
1 586734661967892608
1 36029621654782276
1 76562018334671174
1 2476980345364284034
1 11824148198199362
1 3097324323604481
1 9289773810189976
1 9224511131186892866
1 4647787383273047041
1 1155243675312227360
1 360323189995360256
1 9584961830960235140
1 158333969899776
1 2252075765596672
1 844987571634248
1 287264593150480
1 145382108941025548
1 307441078519202177
1 4629718009670273025
1 706573701746688
1 2596923388240857346
1 10417952113027448960
1 15186841673893151744
1 11276625681318465
1 9802088997789368385
1 211108415701000
1 45123966330814464
1 9223407772090105872
1 281612684165128
1 1748522589686628480
1 11529778150909280296
1 2486031044063789073
1 18442110828412932
1 1729453727348761088
1 1085381941315764672
1 311320395489911296
1 721279696541057152
1 7008727472401286272
1 9295434028972802176
1 15567126791168
1 281614835908864
1 299344205053986
1 9799973939265421578
1 457396975636737
1 72066527653793793
1 41095690266878018
1 281509370789893
1 581527593967683338
1 4991305908290
